08 14 16 20 23 27 41 46 06
08 16 14 25 32 38 43 46 35
08 19 07 19 24 26 32 39 20
08 21 01 03 20 21 35 37 46
08 23 03 09 10 20 25 34 41
08 26 02 13 19 25 30 43 44
08 28 01 21 27 31 34 38 10
08 30 02 08 10 37 44 49 22
09 02 09 13 16 22 24 31 18
09 04 07 17 22 26 31 42 12
09 06 04 10 18 22 23 38 35
09 09 03 07 15 23 29 48 05
09 11 02 08 12 20 25 49 34
09 13 03 08 09 16 34 46 42
09 16 04 09 14 25 36 40 45
09 18 02 17 34 38 46 49 33
09 20 04 05 10 27 28 49 46
09 25 01 04 15 16 29 46 30
09 27 07 17 33 36 39 44 31
09 30 11 26 27 39 40 47 34
10 02 13 17 20 29 32 42 15
10 04 04 14 16 19 22 35 09
10 07 04 10 26 34 46 49 05
10 09 01 02 12 19 27 38 41
10 11 08 11 35 37 38 46 27
10 14 11 14 19 21 41 44 31
10 16 06 21 31 40 42 44 07
10 18 03 06 07 09 32 35 24
10 21 01 08 09 32 35 37 14
10 23 05 09 19 21 27 46 37
10 25 03 13 18 20 22 30 39
10 28 03 10 11 13 26 48 09
10 30 05 13 23 33 37 40 39
11 01 11 17 19 23 32 44 25
11 03 01 08 20 25 38 43 39
11 06 05 06 28 35 42 43 04
11 09 01 04 06 15 24 48 43
11 11 17 19 20 27 32 35 11
11 13 09 10 20 33 34 43 42
11 15 02 05 08 24 32 37 35
11 18 05 11 18 28 29 32 10
11 20 04 13 31 36 40 41 49
11 22 01 03 04 17 24 28 07
11 25 03 09 18 38 46 48 13
11 27 04 06 14 21 36 46 41
11 29 05 06 27 33 36 37 48
12 02 03 13 29 30 31 43 08
12 04 08 10 28 35 37 47 12
12 07 04 09 17 26 28 30 01
12 09 07 14 21 43 44 47 35
12 11 01 10 11 41 47 48 20
12 13 01 07 27 36 40 48 13
12 16 21 29 32 36 38 44 43
12 18 02 22 27 31 40 46 13
12 21 06 13 20 26 34 40 10
12 23 22 24 26 29 33 48 46
12 27 02 17 19 21 24 34 18
12 30 04 08 18 29 40 47 09
01 03 02 10 16 21 22 30 26
01 06 09 14 23 30 42 45 19
01 08 18 19 22 33 42 46 07
01 11 03 07 16 19 44 47 31
01 13 12 15 36 40 41 49 42
01 15 06 09 10 12 24 32 30
01 17 01 15 16 28 29 47 37
01 20 05 13 22 29 34 42 37
01 23 05 17 37 38 44 47 12
01 25 04 12 19 40 44 47 49
01 27 07 13 17 21 42 45 36
01 29 06 08 09 17 25 36 04
01 31 04 09 10 14 24 29 38
02 03 08 12 26 31 44 46 42
02 05 03 23 25 36 46 47 20
02 07 09 12 42 44 45 48 35
02 10 04 06 14 21 24 48 08
02 12 10 14 22 28 32 42 36
02 14 12 17 31 37 39 46 08
02 17 08 12 15 26 39 44 06
02 19 06 09 16 26 29 36 08
02 21 07 08 14 15 20 21 44
02 24 01 09 32 37 38 47 25
02 26 14 15 19 23 24 25 02
02 28 05 15 22 24 34 46 26
03 03 22 25 30 37 38 49 15
03 05 02 07 17 20 33 47 45
03 08 03 04 11 28 37 40 36
03 10 21 27 32 33 39 48 09
03 12 02 12 15 16 30 32 05
03 14 10 16 19 33 42 43 12
03 17 11 12 14 17 21 37 10
03 19 06 14 18 21 32 46 43
03 21 13 23 27 32 34 43 22
03 24 04 12 15 16 38 46 21
03 26 05 14 34 36 38 42 19
03 29 24 32 36 40 42 43 47
03 31 01 07 15 23 29 35 14
04 02 07 13 20 33 39 45 30
04 04 02 06 10 17 18 46 34
04 07 04 21 22 29 41 45 14
04 09 07 09 22 29 44 49 01
04 11 03 16 25 38 45 47 35
04 14 02 07 22 27 41 42 05
04 16 01 11 12 19 28 30 49
04 18 10 14 22 29 33 48 05
04 21 04 18 31 41 42 43 24
04 23 15 20 34 42 45 46 23
04 25 04 17 34 38 46 49 07
04 28 03 07 20 34 36 41 39
04 30 08 11 21 30 38 49 35
05 02 01 06 18 29 39 48 10
05 05 05 29 30 31 41 45 47
05 07 02 03 07 09 16 34 14
05 10 11 14 21 28 41 48 32
05 12 09 25 29 36 38 41 23
05 14 06 23 31 43 46 49 40
05 16 03 07 11 18 20 27 02
05 19 28 33 36 38 40 45 04
05 23 01 08 21 32 37 46 22
05 26 11 14 19 25 27 47 20
05 28 02 12 20 28 46 49 31
05 30 09 12 14 20 27 36 11
06 02 05 07 18 26 29 47 02
06 04 04 09 19 22 24 43 01
06 06 01 05 08 23 32 48 03
06 09 07 13 16 35 42 46 25
06 11 08 11 15 20 33 43 34
06 14 12 13 25 39 42 43 38
06 16 16 25 27 30 37 41 36
06 18 02 11 17 19 22 26 13
06 20 07 11 24 32 35 49 46
06 23 01 19 34 39 43 48 45
06 25 12 19 26 30 36 45 20
06 27 16 18 21 26 30 48 45
06 30 05 11 15 17 25 46 24
07 02 06 19 22 24 29 40 04
07 04 02 14 17 19 20 49 26
07 07 06 27 30 38 41 47 20
07 09 04 24 26 30 31 46 02
07 11 02 09 18 21 32 47 26
07 14 02 10 19 39 46 47 41
07 16 03 05 14 17 29 45 31
07 18 24 28 29 38 39 41 19
07 21 01 04 06 13 15 48 39
07 23 01 03 11 15 39 47 44
07 25 04 22 23 31 36 47 20
07 28 04 11 20 28 46 49 31
07 30 04 11 12 18 21 40 44
08 01 01 08 20 45 47 48 11
08 04 09 27 32 34 36 37 20
08 06 18 28 38 39 47 48 24
08 08 05 08 10 11 23 30 42
08 11 01 15 23 24 31 39 33
08 13 03 06 18 27 29 37 04
08 15 06 16 20 23 24 34 42
08 18 01 03 15 18 20 33 48
08 20 12 15 22 26 27 29 37
08 22 03 04 12 29 32 48 16
08 25 05 11 12 15 24 32 39
08 27 05 08 17 24 30 42 34
08 29 04 17 18 26 33 35 40
09 01 17 19 22 27 40 46 04
09 04 06 09 14 17 47 49 38
09 06 09 24 35 40 41 48 31
09 08 11 13 16 20 21 28 15
09 10 07 29 31 32 33 35 48
09 12 01 03 14 17 35 43 47
09 15 11 14 16 17 35 49 34
09 17 19 21 24 28 30 48 26
09 19 20 23 28 37 39 41 26
09 22 01 05 09 18 24 32 38
09 24 09 19 22 26 34 36 24
09 26 01 03 09 30 41 47 19
09 29 01 05 15 33 40 48 21
10 03 04 06 11 16 22 39 10
10 06 12 15 17 24 36 49 14
10 08 21 31 33 35 39 44 28
10 10 02 12 16 19 20 49 04
10 13 13 15 18 36 43 45 07
10 15 15 17 22 27 39 47 26
10 18 02 04 15 20 32 42 48
10 20 08 26 34 36 39 46 35
10 22 01 02 24 29 40 47 07
10 24 22 25 26 34 41 45 15
10 27 13 16 31 35 41 42 36
10 29 13 14 15 16 18 44 48
10 31 11 25 27 29 30 44 23
11 03 19 33 42 43 45 45 44
11 05 03 09 13 31 40 42 30
11 08 02 17 27 32 35 38 41
11 10 02 08 18 22 24 35 17
11 12 01 06 09 10 20 46 14
11 14 03 06 15 26 28 42 21
11 17 02 04 09 28 42 43 45
11 19 11 13 19 35 41 45 24
11 21 02 08 23 28 38 45 21
11 24 07 21 24 33 35 45 26
11 26 01 03 09 17 18 42 07
11 28 01 05 25 32 38 39 04
12 01 04 05 10 17 39 44 24
12 03 10 15 20 21 34 46 04
12 05 01 14 17 23 35 38 31
12 08 06 12 23 39 31 35 21
12 10 04 08 15 16 34 49 45
12 12 08 09 37 40 46 49 41
12 15 10 27 28 40 46 47 18
12 18 02 04 30 37 43 49 10
12 20 02 04 24 28 32 45 38
12 22 06 23 30 33 43 44 10
12 24 20 22 26 27 31 44 49
12 26 06 17 21 27 36 42 23
12 29 09 27 33 38 39 40 14
12 31 26 28 31 33 40 41 19
01 02 11 13 16 18 21 22 06
12 05 05 14 16 22 26 28 27
12 07 05 14 16 25 45 48 42
01 08 04 08 16 39 40 45 10
01 12 09 23 25 29 30 48 01
01 14 21 26 27 35 38 48 41
01 16 05 18 19 28 35 45 27
01 19 02 03 09 24 33 41 40
01 21 06 07 17 24 41 48 16
01 23 18 19 26 34 39 46 02
01 26 08 09 17 31 37 38 02
01 28 03 09 15 32 43 46 28
01 30 02 04 06 30 32 34 40
02 02 01 10 13 14 38 39 41
02 04 09 20 25 36 42 47 13
02 06 01 05 13 16 24 41 14
02 09 04 08 10 13 14 49 07
02 11 21 24 27 32 35 36 16
02 13 05 21 26 27 28 29 44
02 15 01 07 17 20 29 49 19
02 18 04 05 07 11 28 32 03
02 20 03 04 11 15 32 45 01
02 23 08 19 43 44 48 49 46
02 25 11 20 31 37 44 47 46
02 27 16 17 18 22 25 36 47
03 02 01 06 10 21 28 35 46
03 04 10 11 24 33 34 38 16
03 07 03 12 26 28 31 46 16
03 09 09 13 14 17 28 45 20
03 11 10 14 35 40 43 48 21
03 13 01 04 14 18 22 39 48
03 16 04 16 28 37 38 47 30
03 18 04 19 30 37 39 41 31
03 20 08 12 29 33 39 45 36
03 23 07 11 22 27 32 46 17
03 25 14 16 29 44 45 47 42
03 27 01 03 08 22 36 44 29
03 30 02 22 29 31 40 48 20
04 01 20 21 23 31 42 43 41
04 03 11 23 35 37 40 43 30
04 06 11 20 25 35 42 45 08
04 08 03 05 25 30 33 37 35
04 11 02 07 20 36 38 41 40
04 13 31 32 33 37 42 46 17
04 15 19 21 30 35 36 37 33
04 17 01 02 24 38 42 49 19
04 20 06 17 25 27 35 40 32
04 22 01 16 23 29 39 46 17
04 24 05 12 16 23 29 39 11
04 27 03 13 18 21 22 33 08
04 29 05 07 24 26 41 49 03
05 02 07 16 26 28 41 44 24
05 04 19 24 34 40 41 46 15
05 06 02 31 37 38 39 40 44
05 09 01 05 08 21 27 34 20
05 11 15 26 29 34 35 40 09
05 13 16 22 31 37 39 49 32
05 15 01 29 32 39 44 47 17
05 18 04 07 12 20 39 48 14
05 20 04 10 11 15 22 37 49
05 22 12 17 18 26 29 33 41
05 25 14 18 30 40 43 46 27
05 27 09 22 28 32 33 49 18
05 29 04 16 25 26 33 42 30
06 01 07 11 13 24 28 46 26
06 03 05 16 19 26 42 44 06
06 05 09 15 30 37 38 40 01
06 08 07 08 12 21 23 47 10
06 10 08 26 32 35 36 49 24
